version https://git-lfs.github.com/spec/v1
oid sha256:d3a83f36f2923a134fdb88cea67bf12b914112ce21861472bc1b2a92e06f6155
size 518713
